43 59 1
59 43 1
12 90 8
90 12 8
4 68 1
68 4 1
33 9 3
9 33 3
4 86 7
86 4 7
76 41 4
41 76 4
62 35 5
35 62 5
76 46 5
46 76 5
97 17 8
17 97 8
62 41 8
41 62 8
56 85 9
85 56 9
89 49 9
49 89 9
98 6 9
6 98 9
98 91 1
91 98 1
22 48 7
48 22 7
30 24 10
24 30 10
93 38 5
38 93 5
79 67 3
67 79 3
53 64 10
64 53 10
43 78 3
78 43 3
60 86 8
86 60 8
40 27 10
27 40 10
10 25 6
25 10 6
48 75 9
75 48 9
48 49 7
49 48 7
86 80 1
80 86 1
65 73 2
73 65 2
31 5 9
5 31 9
43 58 5
58 43 5
24 53 5
53 24 5
47 13 1
13 47 1
6 5 1
5 6 1
25 82 5
82 25 5
1 41 5
41 1 5
50 47 2
47 50 2
68 56 2
56 68 2
0 13 2
13 0 2
95 71 8
71 95 8
20 25 4
25 20 4
19 90 4
90 19 4
25 96 6
96 25 6
93 63 2
63 93 2
84 68 5
68 84 5
86 68 8
68 86 8
69 50 6
50 69 6
77 53 8
53 77 8
90 96 4
96 90 4
13 43 4
43 13 4
90 76 3
76 90 3
79 29 8
29 79 8
24 92 1
92 24 1
52 72 7
72 52 7
72 16 3
16 72 3
92 15 4
15 92 4
42 30 1
30 42 1
95 50 1
50 95 1
91 13 7
13 91 7
86 48 7
48 86 7
14 2 10
2 14 10
96 81 9
81 96 9
35 6 4
6 35 4
57 10 8
10 57 8
63 82 4
82 63 4
7 75 1
75 7 1
73 17 1
17 73 1
63 65 1
65 63 1
96 56 6
56 96 6
42 43 4
43 42 4
78 57 6
57 78 6
0 5 10
5 0 10
98 92 8
92 98 8
93 1 8
1 93 8
60 64 2
64 60 2
95 24 7
24 95 7
45 49 7
49 45 7
78 12 2
12 78 2
99 56 5
56 99 5
94 51 6
51 94 6
4 49 6
49 4 6
9 28 6
28 9 6
54 65 10
65 54 10
55 64 2
64 55 2
72 45 10
45 72 10
48 2 7
2 48 7
97 80 5
80 97 5
61 71 8
71 61 8
85 76 8
76 85 8
36 13 2
13 36 2
85 98 3
98 85 3
65 34 9
34 65 9
30 15 5
15 30 5
46 8 9
8 46 9
92 97 7
97 92 7
46 84 4
84 46 4
26 0 5
0 26 5
49 77 9
77 49 9
71 62 8
62 71 8
40 51 1
51 40 1
13 88 10
88 13 10
48 54 6
54 48 6
42 32 4
32 42 4
50 52 6
52 50 6
48 68 4
68 48 4
32 33 10
33 32 10
32 60 9
60 32 9
62 8 2
8 62 2
76 37 5
37 76 5
27 28 8
28 27 8
68 69 6
69 68 6
22 96 5
96 22 5
58 38 9
38 58 9
93 88 2
88 93 2
20 36 10
36 20 10
93 20 6
20 93 6
44 5 6
5 44 6
92 19 6
19 92 6
16 95 4
95 16 4
80 75 4
75 80 4
57 43 5
43 57 5
35 65 1
65 35 1
